699,0693	23,6718
700,0335	10,1005
700,9977	-1,17549E-038
701,9620	-1,17549E-038
702,9262	-1,17549E-038
703,8904	-1,17549E-038
704,8547	-1,17549E-038
705,8189	5,13669
706,7831	14,4248
707,7474	19,3242
708,7116	19,9181
709,6758	16,9654
710,6401	11,8706
711,6043	10,624
712,5685	34,6478
713,5328	82,7775
714,4970	98,6876
715,4612	93,3776
716,4255	84,6822
717,3897	76,3326
718,3539	68,364
719,3182	60,1209
720,2824	50,7462
721,2466	39,4207
722,2109	26,9975
723,1751	21,8749
724,1393	35,6391
725,1036	52,9216
726,0678	59,3038
727,0320	57,7053
727,9963	52,4346
728,9605	46,3023
729,9247	40,3152
730,8890	33,3176
731,8532	23,753
732,8174	11,7941
733,7817	0,354395
734,7459	-1,17549E-038
735,7101	-1,17549E-038
736,6744	7,16764
737,6386	23,9988
738,6028	41,1752
739,5671	52,2945
740,5313	54,6233
741,4955	50,5877
742,4598	44,264
743,4240	38,3632
744,3882	33,8317
745,3525	30,5624
746,3167	28,2221
747,2809	26,8488
748,2452	26,8917
749,2094	28,6945
750,1736	31,9007
751,1379	35,043
752,1021	35,323
753,0663	29,5258
754,0306	17,4006
754,9948	3,58745
755,9590	-1,17549E-038
756,9233	-1,17549E-038
757,8875	-1,17549E-038
758,8517	-1,17549E-038
759,8160	-1,17549E-038
760,7802	3,48805
761,7444	12,7872
762,7087	20,0339
763,6729	23,4637
764,6371	23,652
765,6014	22,2766
766,5656	20,8462
767,5298	20,4273
768,4941	21,5789
769,4583	24,128
770,4225	27,1595
771,3868	29,4585
772,3510	30,0963
773,3152	28,8558
774,2795	26,4678
775,2437	24,488
776,2079	24,5178
777,1722	27,1823
778,1364	31,8495
779,1006	37,1205
780,0649	41,3408
781,0291	42,9648
781,9933	41,1001
782,9576	36,1748
783,9218	30,0888
784,8860	25,4653
785,8503	24,3931
786,8145	27,2509
787,7787	32,2255
788,7430	36,3464
789,7072	37,6165
790,6714	36,138
791,6357	33,5056
792,5999	31,6997
793,5641	32,1725
794,5284	35,0341
795,4926	38,8817
796,4568	41,8805
797,4211	43,0219
798,3853	42,3423
799,3495	40,4999
800,3138	38,39
801,2780	36,8258
802,2422	36,1386
803,2065	35,9402
804,1707	35,5107
805,1349	34,5557
806,0992	33,4535
807,0634	32,8333
808,0276	33,0879
808,9919	34,2225
809,9561	36,0109
810,9203	38,2646
811,8846	40,9988
812,8488	44,303
813,8130	47,9083
814,7773	50,8471
815,7415	51,8688
816,7057	50,5504
817,6700	47,9628
818,6342	46,3445
819,5984	48,4064
820,5627	56,376
821,5269	69,8464
822,4911	83,3298
823,4554	89,1081
824,4196	84,8743
825,3839	74,5767
826,3481	63,1557
827,3123	53,7352
828,2766	47,6182
829,2408	44,72
830,2050	43,8816
831,1693	43,489
832,1335	42,5027
833,0977	41,1773
834,0620	40,6922
835,0262	41,9649
835,9904	44,7819
836,9547	47,9457
837,9189	50,0695
838,8831	50,2909
839,8474	48,6288
840,8116	46,0395
841,7758	44,1128
842,7401	44,3062
843,7043	47,086
844,6685	51,6735
845,6328	56,5087
846,5970	59,9414
847,5612	60,8317
848,5255	58,9897
849,4897	55,243
850,4539	50,9437
851,4182	47,2039
852,3824	44,4214
853,3466	42,3489
854,3109	40,5551
855,2751	38,89
856,2393	37,5327
857,2036	36,6377
858,1678	36,0288
859,1320	35,1628
860,0963	33,3159
861,0605	30,08
862,0247	26,1199
862,9890	23,1289
863,9532	22,3463
864,9174	23,6836
865,8817	26,4435
866,8459	30,1099
867,8101	34,5096
868,7744	39,593
869,7386	45,0116
870,7028	49,7284
871,6671	52,2696
872,6313	51,7318
873,5955	48,411
874,5598	43,4405
875,5240	38,1708
876,4882	33,7955
877,4525	31,1329
878,4167	30,4843
879,3809	31,6397
880,3452	34,0402
881,3094	36,9661
882,2736	39,615
883,2379	41,1011
884,2021	40,5818
885,1663	37,6705
886,1306	32,8616
887,0948	27,4309
888,0590	22,8466
889,0233	20,2882
889,9875	20,5424
890,9517	24,0576
891,9160	30,8856
892,8802	40,378
893,8444	50,7551
894,8087	59,1347
895,7729	62,7226
896,7371	60,5801
897,7014	54,215
898,6656	46,6253
899,6298	40,943
900,5941	39,2364
901,5583	41,5394
902,5225	45,7789
903,4868	49,0819
904,4510	49,4782
905,4152	46,6806
906,3795	41,825
907,3437	36,7514
908,3079	33,1771
909,2722	31,9011
910,2364	32,3639
911,2006	33,0924
912,1649	33,0261
913,1291	32,5254
914,0933	32,8883
915,0576	35,066
916,0218	38,9955
916,9860	43,7667
917,9503	48,0868
918,9145	50,744
919,8787	51,0533
920,8430	49,1927
921,8072	46,2151
922,7714	43,6237
923,7357	42,6139
924,6999	43,2452
925,6641	44,1688
926,6284	43,6234
927,5926	40,9871
928,5568	37,1304
929,5211	33,5185
930,4853	31,3465
931,4495	31,2075
932,4138	33,0193
933,3780	35,9757
934,3422	38,6415
935,3065	39,5439
936,2707	38,1794
937,2349	35,4484
938,1992	32,9286
939,1634	31,8426
940,1276	32,5695
941,0919	34,6454
942,0561	37,0636
943,0203	38,7814
943,9846	39,1243
944,9488	37,8972
945,9130	35,4418
946,8773	32,7569
947,8415	31,2772
948,8057	31,9943
949,7700	34,5492
950,7342	37,131
951,6984	37,0933
952,6627	32,0365
953,6269	21,4107
954,5911	7,57086
955,5554	-1,17549E-038
956,5196	-1,17549E-038
957,4838	-1,17549E-038
958,4481	-1,17549E-038
959,4123	-1,17549E-038
960,3765	7,46457
961,3408	17,6132
962,3050	22,5902
963,2692	21,7132
964,2335	17,2962
965,1977	14,0607
966,1619	15,6357
967,1262	22,0089
968,0904	31,263
969,0546	41,6702
970,0189	51,7071
970,9831	58,5709
971,9473	56,4193
972,9116	39,9653
973,8758	16,5113
974,8400	0,0854017
975,8043	-1,17549E-038
976,7685	-1,17549E-038
977,7327	-1,17549E-038
978,6970	1,28488
979,6612	4,91066
980,6254	5,72156
981,5897	5,0879
982,5539	5,91073
983,5181	9,54342
984,4824	16,0729
985,4466	24,3453
986,4108	31,4366
987,3751	34,1505
988,3393	32,0864
989,3035	27,4635
990,2678	22,5095
991,2320	18,5018
992,1962	16,3609
993,1605	16,9036
994,1247	19,4733
995,0889	20,9065
996,0532	17,5622
997,0174	7,7399
997,9816	-1,17549E-038
998,9459	-1,17549E-038
999,9101	-1,17549E-038
1000,8743	-1,17549E-038
1001,8386	-1,17549E-038
1002,8028	-1,17549E-038
1003,7670	-1,17549E-038
1004,7313	-1,17549E-038
1005,6955	-1,17549E-038
1006,6597	18,6283
1007,6240	92,8594
1008,5882	105,116
1009,5524	90,3788
1010,5167	74,4272
1011,4809	60,8077
1012,4451	49,148
1013,4094	38,8114
1014,3736	29,4312
1015,3378	21,0771
1016,3021	13,9234
1017,2663	-1,17549E-038
1018,2305	99,0552
1019,1948	353,743
1020,1590	-1,17549E-038
1021,1232	-1,17549E-038
1022,0875	-1,17549E-038
1023,0517	-1,17549E-038
1024,0160	-1,17549E-038
1024,9802	-1,17549E-038
1025,9445	-1,17549E-038
1026,9087	-1,17549E-038
1027,8729	14,862
1028,8372	54,3653
1029,8014	38,966
1030,7656	0,728185
1031,7299	-1,17549E-038
1032,6941	-1,17549E-038
1033,6583	-1,17549E-038
1034,6226	-1,17549E-038
1035,5868	-1,17549E-038
1036,5510	-1,17549E-038
1037,5153	-1,17549E-038
1038,4795	-1,17549E-038
1039,4437	-1,17549E-038
1040,4080	-1,17549E-038
1041,3722	-1,17549E-038
1042,3364	-1,17549E-038
1043,3007	-1,17549E-038
1044,2649	-1,17549E-038
1045,2291	-1,17549E-038
1046,1934	-1,17549E-038
1047,1576	-1,17549E-038
1048,1218	-1,17549E-038
1049,0861	19,6561
1050,0503	68,9235
1051,0145	108,749
1051,9788	128,493
1052,9430	121,828
1053,9072	92,1422
1054,8715	54,4703
1055,8357	21,7143
1056,7999	-1,17549E-038
1057,7642	-1,17549E-038
1058,7284	-1,17549E-038
1059,6926	-1,17549E-038
1060,6569	-1,17549E-038
1061,6211	-1,17549E-038
1062,5853	2668,8
1063,5496	-1,17549E-038
1064,5138	-1,17549E-038
1065,4780	-1,17549E-038
1066,4423	-1,17549E-038
1067,4065	-1,17549E-038
1068,3707	-1,17549E-038
1069,3350	-1,17549E-038
1070,2992	-1,17549E-038
1071,2634	45,5745
1072,2277	73,0471
1073,1919	74,6184
1074,1561	71,288
1075,1204	67,0231
1076,0846	62,1857
1077,0488	56,3121
1078,0131	48,4578
1078,9773	37,0058
1079,9415	19,9734
1080,9058	1,1556
1081,8700	3,34977
1082,8342	25,7963
1083,7985	40,4591
1084,7627	45,6946
1085,7269	46,4992
1086,6912	45,2495
1087,6554	41,9323
1088,6196	35,2214
1089,5839	23,839
1090,5481	7,4555
1091,5123	-1,17549E-038
1092,4766	-1,17549E-038
1093,4408	-1,17549E-038
1094,4050	-1,17549E-038
1095,3693	-1,17549E-038
1096,3335	5,29575
1097,2977	16,4992
1098,2620	25,5318
1099,2262	32,5649
1100,1904	37,9176
1101,1547	42,012
1102,1189	44,9216
1103,0831	45,9809
1104,0474	44,2669
1105,0116	39,5693
1105,9758	32,6701
1106,9401	24,9265
1107,9043	17,9543
1108,8685	13,6386
1109,8328	14,0956
1110,7970	21,2146
1111,7612	35,8961
1112,7255	57,1823
1113,6897	80,7475
1114,6539	97,6574
1115,6182	98,9471
1116,5824	85,2681
1117,5466	66,035
1118,5109	49,4648
1119,4751	38,9188
1120,4393	34,841
1121,4036	36,4076
1122,3678	41,6641
1123,3320	47,5353
1124,2963	51,4035
1125,2605	52,9571
1126,2247	53,4722
1127,1890	53,8785
1128,1532	54,1217
1129,1174	53,7082
1130,0817	52,4004
1131,0459	50,4828
1132,0101	48,5848
1132,9744	47,3546
1133,9386	47,2022
1134,9028	48,1677
1135,8671	49,9268
1136,8313	51,9167
1137,7955	53,5175
1138,7598	54,2457
1139,7240	53,9622
1140,6882	53,0099
1141,6525	52,0848
1142,6167	51,8425
1143,5809	52,5539
1144,5452	54,0514
1145,5094	55,901
1146,4736	57,6258
1147,4379	58,8772
1148,4021	59,5049
1149,3663	59,5235
1150,3306	59,0402
1151,2948	58,2277
1152,2590	57,3485
1153,2233	56,7459
1154,1875	56,7353
1155,1517	57,4294
1156,1160	58,6438
1157,0802	60,0081
1158,0444	61,2074
1159,0087	62,1407
1159,9729	62,8967
1160,9371	63,6334
1161,9014	64,4858
1162,8656	65,5434
1163,8298	66,8545
1164,7941	68,3968
1165,7583	70,006
1166,7225	71,3449
1167,6868	71,9892
1168,6510	71,6201
1169,6152	70,2207
1170,5795	68,1509
1171,5437	66,0216
1172,5079	64,4258
1173,4722	63,7044
1174,4364	63,8884
1175,4006	64,7919
1176,3649	66,1221
1177,3291	67,5212
1178,2933	68,5764
1179,2576	68,899
1180,2218	68,2945
1181,1860	66,8948
1182,1503	65,113
1183,1145	63,4572
1184,0787	62,3491
1185,0430	62,0217
1186,0072	62,4888
1186,9714	63,5704
1187,9357	64,9768
1188,8999	66,4165
1189,8641	67,6734
1190,8284	68,6308
1191,7926	69,2671
1192,7568	69,6407
1193,7211	69,853
1194,6853	69,9772
1195,6495	69,9928
1196,6138	69,7813
1197,5780	69,2104
1198,5422	68,2638
1199,5065	67,1257
1200,4707	66,134
1201,4349	65,6003
1202,3992	65,6191
1203,3634	66,0028
1204,3276	66,3856
1205,2919	66,4323
1206,2561	66,0366
1207,2203	65,3853
1208,1846	64,8221
1209,1488	64,596
1210,1130	64,6877
1211,0773	64,8419
1212,0415	64,7666
1213,0057	64,3494
1213,9700	63,7218
1214,9342	63,1128
1215,8984	62,6013
1216,8627	61,9813
1217,8269	60,8832
1218,7911	59,0946
1219,7554	56,8195
1220,7196	54,6152
1221,6838	53,0437
1222,6481	52,3407
1223,6123	52,3133
1224,5765	52,463
1225,5408	52,251
1226,5050	51,4026
1227,4692	50,0577
1228,4335	48,6229
1229,3977	47,4578
1230,3619	46,6885
1231,3262	46,2475
1232,2904	46,0205
1233,2546	45,9503
1234,2189	46,0337
1235,1831	46,2444
1236,1473	46,483
1237,1116	46,6216
1238,0758	46,6072
1239,0400	46,5262
1240,0043	46,5674
1240,9685	46,9075
1241,9327	47,6012
1242,8970	48,5551
1243,8612	49,6025
1244,8254	50,6263
1245,7897	51,6329
1246,7539	52,7223
1247,7181	53,9765
1248,6824	55,3483
1249,6466	56,6333
1250,6108	57,562
1251,5751	57,9553
1252,5393	57,8285
1253,5035	57,3761
1254,4678	56,8625
1255,4320	56,4916
1256,3962	56,3216
1257,3605	56,2682
1258,3247	56,1959
1259,2889	56,0382
1260,2532	55,8717
1261,2174	55,8743
1262,1816	56,165
1263,1459	56,6604
1264,1101	57,1131
1265,0743	57,2916
1266,0386	57,1221
1267,0028	56,7145
1267,9670	56,2939
1268,9313	56,0749
1269,8955	56,1324
1270,8597	56,3585
1271,8240	56,5483
1272,7882	56,5407
1273,7524	56,3053
1274,7167	55,9322
1275,6809	55,5583
1276,6451	55,2947
1277,6094	55,1997
1278,5736	55,2932
1279,5378	55,5703
1280,5021	55,9867
1281,4663	56,4282
1282,4305	56,7127
1283,3948	56,659
1284,3590	56,2003
1285,3232	55,4651
1286,2875	54,7429
1287,2517	54,3362
1288,2159	54,3927
1289,1802	54,8238
1290,1444	55,3606
1291,1086	55,7156
1292,0729	55,7499
1293,0371	55,5282
1294,0013	55,2311
1294,9656	55,0028
1295,9298	54,848
1296,8940	54,6389
1297,8583	54,2216
1298,8225	53,5497
1299,7867	52,7453
1300,7510	52,045
1301,7152	51,6737
1302,6794	51,7249
1303,6437	52,1025
1304,6079	52,5539
1305,5721	52,7955
1306,5364	52,6766
1307,5006	52,2628
1308,4648	51,7696
1309,4291	51,4036
1310,3933	51,2287
1311,3575	51,1244
1312,3218	50,8559
1313,2860	50,2321
1314,2502	49,2602
1315,2145	48,1683
1316,1787	47,2644
1317,1429	46,743
1318,1072	46,5695
1319,0714	46,5058
1320,0356	46,2689
1320,9999	45,7343
1321,9641	45,0337
1322,9283	44,4584
1323,8926	44,2506
1324,8568	44,4348
1325,8210	44,7824
1326,7853	44,9077
1327,7495	44,4486
1328,7137	43,2693
1329,6780	41,5835
1330,6422	39,8804
1331,6064	38,6531
1332,5707	38,133
1333,5349	38,2312
1334,4991	38,6706
1335,4634	39,1553
1336,4276	39,481
1337,3918	39,5806
1338,3561	39,5105
1339,3203	39,3723
1340,2845	39,2025
1341,2488	38,9363
1342,2130	38,4877
1343,1772	37,8546
1344,1415	37,1562
1345,1057	36,5954
1346,0699	36,3692
1347,0342	36,5615
1347,9984	37,0824
1348,9626	37,7158
1349,9269	38,251
1350,8911	38,5901
1351,8553	38,7546
1352,8196	38,8143
1353,7838	38,8099
1354,7480	38,7264
1355,7123	38,5339
1356,6765	38,2484
1357,6407	37,9413
1358,6050	37,695
1359,5692	37,5555
1360,5334	37,5123
1361,4977	37,5192
1362,4619	37,5544
1363,4261	37,6774
1364,3904	38,0091
1365,3546	38,6511
1366,3188	39,6147
1367,2831	40,7769
1368,2473	41,8626
1369,2115	42,4943
1370,1758	42,3365
1371,1400	41,2529
1372,1042	39,3706
1373,0685	37,0498
1374,0327	34,8007
1374,9969	33,1198
1375,9612	32,2726
1376,9254	32,1811
1377,8896	32,5113
1378,8539	32,8524
1379,8181	32,8697
1380,7823	32,4088
1381,7466	31,5344
1382,7108	30,4737
1383,6750	29,509
1384,6393	28,9019
1385,6035	28,8477
1386,5677	29,3914
1387,5320	30,3288
1388,4962	31,2753
1389,4604	31,9237
1390,4247	32,2044
1391,3889	32,2346
1392,3531	32,2123
1393,3174	32,3455
1394,2816	32,7844
1395,2458	33,5355
1396,2101	34,4223
1397,1743	35,1684
1398,1385	35,5452
1399,1028	35,4633
1400,0670	34,9772
1401,0313	34,2475
1401,9955	33,4997
1402,9597	32,9851
1403,9240	32,9117
1404,8882	33,3341
1405,8524	34,0722
1406,8167	34,7816
1407,7809	35,1566
1408,7451	35,0893
1409,7094	34,6903
1410,6736	34,2042
1411,6378	33,8729
1412,6021	33,8041
1413,5663	33,9392
1414,5305	34,1344
1415,4948	34,2669
1416,4590	34,2962
1417,4232	34,2851
1418,3875	34,369
1419,3517	34,6388
1420,3159	35,0429
1421,2802	35,4588
1422,2444	35,8257
1423,2086	36,1876
1424,1729	36,648
1425,1371	37,2726
1426,1013	37,9853
1427,0656	38,542
1428,0298	38,6514
1428,9940	38,2267
1429,9583	37,6303
1430,9225	37,699
1431,8867	39,4638
1432,8510	43,646
1433,8152	49,9431
1434,7794	56,2449
1435,7437	59,0998
1436,7079	56,6603
1437,6721	50,6356
1438,6364	44,1096
1439,6006	39,0611
1440,5648	36,0949
1441,5291	35,0196
1442,4933	35,2596
1443,4575	36,0921
1444,4218	36,8581
1445,3860	37,136
1446,3502	36,7939
1447,3145	35,9171
1448,2787	34,6743
1449,2429	33,1981
1450,2072	31,5371
1451,1714	29,6859
1452,1356	27,6422
1453,0999	25,4522
1454,0641	23,2696
1455,0283	21,4777
1455,9926	20,8044
1456,9568	21,8403
1457,9210	23,8217
1458,8853	25,2321
1459,8495	25,6152
1460,8137	25,3397
1461,7780	24,8535
1462,7422	24,5403
1463,7064	24,7607
1464,6707	25,7414
1465,6349	27,3388
1466,5991	29,0678
1467,5634	30,4826
1468,5276	31,4165
1469,4918	31,9231
1470,4561	32,1618
1471,4203	32,3509
1472,3845	32,7209
1473,3488	33,3834
1474,3130	34,2685
1475,2772	35,3069
1476,2415	36,5592
1477,2057	38,134
1478,1699	40,0768
1479,1342	42,3164
1480,0984	44,658
1481,0626	46,835
1482,0269	48,6186
1482,9911	49,9259
1483,9553	50,8306
1484,9196	51,4816
1485,8838	52,031
1486,8480	52,6287
1487,8123	53,4405
1488,7765	54,5808
1489,7407	55,9443
1490,7050	57,2329
1491,6692	58,2535
1492,6334	59,0403
1493,5977	59,753
1494,5619	60,5919
1495,5261	61,7511
1496,4904	63,3019
1497,4546	64,9965
1498,4188	66,2906
1499,3831	66,7706
1500,3473	66,4317
1501,3115	65,5039
1502,2758	64,2312
1503,2400	62,8201
1504,2042	61,4823
1505,1685	60,4978
1506,1327	60,2211
1507,0969	60,8005
1508,0612	61,7663
1509,0254	62,6165
1509,9896	63,4944
1510,9539	64,7062
1511,9181	66,3118
1512,8823	68,057
1513,8466	69,3564
1514,8108	69,3781
1515,7750	67,497
1516,7393	64,0825
1517,7035	60,7095
1518,6677	59,1212
1519,6320	60,0327
1520,5962	62,877
1521,5604	66,27
1522,5247	68,8089
1523,4889	69,8449
1524,4531	69,6582
1525,4174	68,995
1526,3816	68,5112
1527,3458	68,508
1528,3101	68,9756
1529,2743	69,7738
1530,2385	70,7628
1531,2028	71,8029
1532,1670	72,6647
1533,1312	72,9927
1534,0955	72,4772
1535,0597	71,073
1536,0239	68,9082
1536,9882	66,0236
1537,9524	62,3215
1538,9166	57,8953
1539,8809	53,7998
1540,8451	52,2877
1541,8093	54,5979
1542,7736	59,2379
1543,7378	64,0865
1544,7020	68,0282
1545,6663	70,7017
1546,6305	72,0835
1547,5947	72,3614
1548,5590	71,8978
1549,5232	71,1582
1550,4874	70,5871
1551,4517	70,4552
1552,4159	70,7643
1553,3801	71,2991
1554,3444	71,7854
1555,3086	72,0214
1556,2728	71,9488
1557,2371	71,7604
1558,2013	71,9609
1559,1655	72,718
1560,1298	73,4227
1561,0940	73,7042
1562,0582	73,6464
1563,0225	73,4205
1563,9867	73,1711
1564,9509	73,031
1565,9152	73,1496
1566,8794	73,7034
1567,8436	74,84
1568,8079	76,5245
1569,7721	78,4233
1570,7363	80,0641
1571,7006	81,118
1572,6648	81,4425
1573,6290	80,9473
1574,5933	79,5729
1575,5575	77,5393
1576,5217	75,6218
1577,4860	74,7415
1578,4502	75,1787
1579,4144	76,6206
1580,3787	78,6665
1581,3429	80,9817
1582,3071	83,1729
1583,2714	84,7039
1584,2356	85,059
1585,1998	84,0855
1586,1641	82,1402
1587,1283	79,8733
1588,0925	77,9048
1589,0568	76,6195
1590,0210	76,0948
1590,9852	76,1411
1591,9495	76,4523
1592,9137	76,802
1593,8779	77,1678
1594,8422	77,7005
1595,8064	78,5603
1596,7706	79,7425
1597,7349	81,0311
1598,6991	82,1017
1599,6633	82,6661
1600,6276	82,5608
1601,5918	81,7727
1602,5560	80,4422
1603,5203	78,8506
1604,4845	77,3715
1605,4487	76,3926
1606,4130	76,243
1607,3772	77,1322
1608,3414	79,0615
1609,3057	81,7405
1610,2699	84,6435
1611,2341	87,2407
1612,1984	89,1634
1613,1626	90,1063
1614,1268	89,6014
1615,0911	87,0383
1616,0553	82,3641
1617,0195	76,9587
1617,9838	72,8273
1618,9480	70,8388
1619,9122	70,688
1620,8765	71,8545
1621,8407	74,0643
1622,8049	77,1974
1623,7692	80,9276
1624,7334	84,4896
1625,6976	86,9714
1626,6619	87,8017
1627,6261	86,9284
1628,5903	84,8108
1629,5546	82,3112
1630,5188	80,3589
1631,4830	79,546
1632,4473	79,9283
1633,4115	80,9897
1634,3757	81,6398
1635,3400	80,6749
1636,3042	78,3383
1637,2684	76,8547
1638,2327	77,8028
1639,1969	80,7341
1640,1611	84,3544
1641,1254	87,4999
1642,0896	89,4173
1643,0538	89,8081
1644,0181	88,7875
1644,9823	86,8177
1645,9465	84,6568
1646,9108	83,135
1647,8750	82,7035
1648,8392	83,4579
1649,8035	85,6832
1650,7677	90,1202
1651,7319	97,4875
1652,6962	105,994
1653,6604	108,74
1654,6246	102,729
1655,5889	93,9345
1656,5531	86,4125
1657,5173	80,5649
1658,4816	76,0247
1659,4458	72,8352
1660,4100	71,6348
1661,3743	73,1918
1662,3385	77,2441
1663,3027	81,8853
1664,2670	84,8919
1665,2312	85,2809
1666,1954	83,2853
1667,1597	79,7167
1668,1239	75,7299
1669,0881	72,7035
1670,0524	71,5155
1671,0166	71,8545
1671,9808	72,95
1672,9451	74,563
1673,9093	76,8837
1674,8735	79,8515
1675,8378	82,6935
1676,8020	84,271
1677,7662	83,9546
1678,7305	81,9154
1679,6947	78,7112
1680,6589	74,9572
1681,6232	71,4461
1682,5874	69,5164
1683,5516	70,7979
1684,5159	75,4013
1685,4801	80,958
1686,4443	85,0158
1687,4086	86,8374
1688,3728	86,8422
1689,3370	85,7609
1690,3013	84,241
1691,2655	82,7098
1692,2297	81,363
1693,1940	80,2233
1694,1582	79,2297
1695,1224	78,3382
1696,0867	77,6032
1697,0509	77,171
1698,0151	77,1513
1698,9794	77,4751
1699,9436	77,9413
1700,9078	78,4295
1701,8721	78,9852
1702,8363	79,7103
1703,8005	80,6424
1704,7648	81,7019
1705,7290	82,7035
1706,6932	83,4461
1707,6575	83,8355
1708,6217	83,9132
1709,5859	83,7736
1710,5502	83,4841
1711,5144	83,0766
1712,4786	82,5824
1713,4429	82,071
1714,4071	81,6707
1715,3713	81,5498
1716,3356	81,8051
1717,2998	82,3034
1718,2640	82,7775
1719,2283	83,1126
1720,1925	83,3624
1721,1567	83,6076
1722,1210	83,9043
1723,0852	84,3009
1724,0494	84,8512
1725,0137	85,587
1725,9779	86,4616
1726,9421	87,3153
1727,9064	87,9116
1728,8706	88,0287
1729,8348	87,5496
1730,7991	86,5069
1731,7633	85,0962
1732,7275	83,6599
1733,6918	82,5526
1734,6560	81,9087
1735,6202	81,6487
1736,5845	81,7221
1737,5487	82,2063
1738,5129	83,2125
1739,4772	84,7204
1740,4414	86,4344
1741,4056	87,8347
1742,3699	88,4943
1743,3341	88,3452
1744,2983	87,5987
1745,2626	86,5189
1746,2268	85,3365
1747,1910	84,3299
1748,1553	83,9223
1749,1195	84,5541
1750,0837	86,2563
1751,0480	88,4183
1752,0122	90,1928
1752,9764	91,0338
1753,9407	90,8375
1754,9049	89,8285
1755,8691	88,421
1756,8334	87,0743
1757,7976	86,1321
1758,7618	85,7158
1759,7261	85,7444
1760,6903	86,0461
1761,6545	86,4639
1762,6188	86,8971
1763,5830	87,2902
1764,5472	87,6124
1765,5115	87,8494
1766,4757	87,997
1767,4399	88,0441
1768,4042	87,9503
1769,3684	87,6451
1770,3326	87,0878
1771,2969	86,3859
1772,2611	85,8381
1773,2253	85,7384
1774,1896	86,1214
1775,1538	86,7849
1776,1180	87,487
1777,0823	88,0528
1778,0465	88,3712
1779,0107	88,3757
1779,9750	88,0655
1780,9392	87,5475
1781,9034	87,0286
1782,8677	86,7269
1783,8319	86,7545
1784,7961	87,0597
1785,7604	87,5022
1786,7246	88,0587
1787,6888	89,0358
1788,6531	91,1585
1789,6173	95,4462
1790,5815	102,576
1791,5458	111,308
1792,5100	117,474
1793,4742	117,358
1794,4385	111,902
1795,4027	104,617
1796,3669	98,1205
1797,3312	93,6124
1798,2954	91,4187
1799,2596	91,2261
1800,2239	92,0858
1801,1881	92,788
1802,1523	92,6519
1803,1166	91,8385
1804,0808	90,8792
1805,0450	90,1516
1806,0093	89,7369
1806,9735	89,5261
1807,9377	89,3785
1808,9020	89,2346
1809,8662	89,1452
1810,8304	89,2123
1811,7947	89,4909
1812,7589	89,9311
1813,7231	90,4005
1814,6874	90,7468
1815,6516	90,8574
1816,6158	90,7003
1817,5801	90,3365
1818,5443	89,8848
1819,5085	89,4485
1820,4728	89,0606
1821,4370	88,6881
1822,4012	88,2847
1823,3655	87,8495
1824,3297	87,4498
1825,2939	87,1872
1826,2582	87,1312
1827,2224	87,2771
1828,1866	87,5467
1829,1509	87,8175
1830,1151	87,9825
1831,0793	88,023
1832,0436	88,0213
1833,0078	88,09
1833,9720	88,2935
1834,9363	88,6039
1835,9005	88,8933
1836,8647	88,9768
1837,8290	88,7225
1838,7932	88,1524
1839,7574	87,4367
1840,7217	86,8094
1841,6859	86,503
1842,6501	86,7095
1843,6144	87,5047
1844,5786	88,7402
1845,5428	90,059
1846,5071	91,0931
1847,4713	91,6234
1848,4355	91,5856
1849,3998	91,0396
1850,3640	90,1712
1851,3282	89,2786
1852,2925	88,6881
1853,2567	88,6279
1854,2209	89,1329
1855,1852	90,0294
1856,1494	90,9966
1857,1136	91,6808
1858,0779	91,8249
1859,0421	91,3653
1860,0063	90,4466
1860,9706	89,3427
1861,9348	88,3277
1862,8990	87,5808
1863,8633	87,1742
1864,8275	87,1238
1865,7917	87,445
1866,7560	88,1586
1867,7202	89,2146
1868,6844	90,3866
1869,6487	91,3125
1870,6129	91,7279
1871,5771	91,6241
1872,5414	91,1898
1873,5056	90,6796
1874,4698	90,3145
1875,4341	90,2066
1876,3983	90,3113
1877,3625	90,4519
1878,3268	90,4343
1879,2910	90,1865
1880,2552	89,8102
1881,2195	89,5055
1882,1837	89,4315
1883,1479	89,6068
1884,1122	89,9141
1885,0764	90,1889
1886,0406	90,3145
1887,0049	90,2611
1887,9691	90,0675
1888,9333	89,8051
1889,8976	89,558
1890,8618	89,4188
1891,8260	89,4741
1892,7903	89,7673
1893,7545	90,2501
1894,7188	90,7616
1895,6830	91,0764
1896,6472	91,0268
1897,6115	90,617
1898,5757	90,0211
1899,5399	89,4741
1900,5042	89,1552
1901,4684	89,1306
1902,4326	89,3581
1903,3969	89,7303
1904,3611	90,1302
1905,3253	90,47
1906,2896	90,7014
1907,2538	90,8055
1908,2180	90,7789
1909,1823	90,6236
1910,1465	90,3436
1911,1107	89,9494
1912,0750	89,4691
1913,0392	88,9575
1914,0034	88,4943
1914,9677	88,167
1915,9319	88,0312
1916,8961	88,0631
1917,8604	88,1483
1918,8246	88,153
1919,7888	88,0298
1920,7531	87,8585
1921,7173	87,7904
1922,6815	87,9437
1923,6458	88,313
1924,6100	88,7551
1925,5742	89,0742
1926,5385	89,1424
1927,5027	88,9626
1928,4669	88,649
1929,4312	88,3541
1930,3954	88,1824
1931,3596	88,1355
1932,3239	88,1288
1933,2881	88,0716
1934,2523	87,9562
1935,2166	87,8841
1936,1808	87,9996
1937,1450	88,3763
1938,1093	88,9408
1939,0735	89,4837
1940,0377	89,7462
1941,0020	89,5543
1941,9662	88,9466
1942,9304	88,1862
1943,8947	87,5969
1944,8589	87,362
1945,8231	87,4701
1946,7874	87,7982
1947,7516	88,2119
1948,7158	88,6159
1949,6801	88,9597
1950,6443	89,225
1951,6085	89,4152
1952,5728	89,5485
1953,5370	89,6453
1954,5012	89,7065
1955,4655	89,7025
1956,4297	89,5943
1957,3939	89,3855
1958,3582	89,1604
1959,3224	89,0665
1960,2866	89,2361
1961,2509	89,6895
1962,2151	90,2919
1963,1793	90,8057
1964,1436	91,0157
1965,1078	90,8548
1966,0720	90,4449
1967,0363	90,0101
1968,0005	89,714
1968,9647	89,5492
1969,9290	89,3703
1970,8932	89,0374
1971,8574	88,5631
1972,8217	88,1578
1973,7859	88,1337
1974,7501	88,718
1975,7144	89,8926
1976,6786	91,3603
1977,6428	92,6541
1978,6071	93,3316
1979,5713	93,1632
1980,5355	92,2245
1981,4998	90,8434
1982,4640	89,4393
1983,4282	88,3551
1984,3925	87,7653
1985,3567	87,6728
1986,3209	87,9527
1987,2852	88,4083
1988,2494	88,8309
1989,2136	89,0679
1990,1779	89,0862
1991,1421	88,9872
1992,1063	88,9384
1993,0706	89,0546
1994,0348	89,315
1994,9990	89,5758
1995,9633	89,6644
1996,9275	89,4851
1997,8917	89,0772
1998,8560	88,5976
1999,8202	88,2452
2000,7844	88,1686
2001,7487	88,3988
2002,7129	88,8319
2003,6771	89,2705
2004,6414	89,5082
2005,6056	89,4254
2006,5698	89,0501
2007,5341	88,548
2008,4983	88,141
2009,4625	87,9887
2010,4268	88,1021
2011,3910	88,3442
2012,3552	88,5153
2013,3195	88,4528
2014,2837	88,0784
2015,2479	87,3815
2016,2122	86,3917
2017,1764	85,1891
2018,1406	83,943
2019,1049	82,9079
2020,0691	82,3408
2021,0333	82,382
2021,9976	82,9774
2022,9618	83,8881
2023,9260	84,7945
2024,8903	85,4509
2025,8545	85,7932
2026,8187	85,9204
2027,7830	85,9756
2028,7472	86,0371
2029,7114	86,0951
2030,6757	86,1041
2031,6399	86,0459
2032,6041	85,9493
2033,5684	85,8683
2034,5326	85,8595
2035,4968	85,984
2036,4611	86,3096
2037,4253	86,8824
2038,3895	87,6698
2039,3538	88,5234
2040,3180	89,2145
2041,2822	89,5466
2042,2465	89,4699
2043,2107	89,104
2044,1749	88,6416
2045,1392	88,2105
2046,1034	87,8036
2047,0676	87,3198
2048,0320	86,67
2048,9961	85,8598
2049,9604	84,9991
2050,9246	84,2502
2051,8889	83,7583
2052,8530	83,6099
2053,8174	83,8301
2054,7815	84,4009
2055,7458	85,2678
2056,7100	86,3218
2057,6743	87,3775
2058,6384	88,1853
2059,6028	88,504
2060,5669	88,2078
2061,5313	87,365
2062,4954	86,2377
2063,4597	85,1971
2064,4238	84,5922
2065,3882	84,6192
2066,3523	85,2477
2067,3167	86,2372
2068,2808	87,2386
2069,2451	87,9302
2070,2092	88,1251
2071,1736	87,809
2072,1377	87,1046
2073,1021	86,1988
2074,0662	85,2741
2075,0305	84,4707
2075,9946	83,8774
2076,9590	83,537
2077,9231	83,4563
2078,8875	83,6151
2079,8516	83,9713
2080,8159	84,4646
2081,7800	85,0222
2082,7444	85,5734
2083,7085	86,0753
2084,6729	86,5373
2085,6370	87,0212
2086,6013	87,6071
2087,5654	88,3402
2088,5298	89,1855
2089,4939	90,018
2090,4583	90,6561
2091,4224	90,9356
2092,3867	90,7946
2093,3508	90,3192
2094,3152	89,7151
2095,2793	89,2124
2096,2437	88,9586
2097,2078	88,9595
2098,1721	89,0918
2099,1362	89,1763
2100,1006	89,0723
2101,0647	88,7454
2102,0291	88,2726
2102,9932	87,7906
2103,9575	87,4248
2104,9216	87,2477
2105,8860	87,2736
2106,8501	87,4691
2107,8145	87,751
2108,7786	87,9794
2109,7429	87,9804
2110,7070	87,6252
2111,6714	86,9377
2112,6355	86,1439
2113,5999	85,5963
2114,5640	85,6056
2115,5283	86,2817
2116,4924	87,4638
2117,4568	88,7623
2118,4209	89,7051
2119,3853	89,9443
2120,3494	89,4253
2121,3137	88,4098
2122,2778	87,3349
2123,2422	86,614
2124,2063	86,4908
2125,1707	86,9866
2126,1348	87,9202
2127,0991	88,9841
2128,0632	89,8608
2129,0276	90,3409
2129,9917	90,3847
2130,9561	90,0987
2131,9202	89,657
2132,8845	89,2219
2133,8486	88,8965
2134,8130	88,7171
2135,7771	88,6718
2136,7415	88,7206
2137,7056	88,8077
2138,6699	88,8691
2139,6340	88,8504
2140,5984	88,7305
2141,5625	88,5309
2142,5269	88,2986
2143,4910	88,0848
2144,4553	87,96
2145,4194	88,0753
2146,3838	88,7214
2147,3479	90,2987
2148,3123	93,1402
2149,2764	97,2156
2150,2407	101,861
2151,2048	105,795
2152,1692	107,62
2153,1333	106,623
2154,0977	103,218
2155,0618	98,6444
2156,0261	94,2799
2156,9902	91,0911
2157,9546	89,433
2158,9187	89,1031
2159,8831	89,5464
2160,8472	90,1309
2161,8115	90,392
2162,7756	90,1475
2163,7400	89,4728
2164,7041	88,6063
2165,6685	87,8497
2166,6326	87,4753
2167,5969	87,6383
2168,5610	88,3048
2169,5254	89,2357
2170,4895	90,0666
2171,4539	90,4773
2172,4180	90,3627
2173,3823	89,8697
2174,3464	89,2592
2175,3108	88,7078
2176,2749	88,2137
2177,2393	87,6749
2178,2034	87,0671
2179,1677	86,562
2180,1318	86,4712
2181,0962	87,0476
2182,0603	88,2781
2183,0247	89,7999
2183,9888	91,0149
2184,9531	91,3889
2185,9172	90,7614
2186,8816	89,4238
2187,8457	87,9178
2188,8101	86,7518
2189,7742	86,228
2190,7385	86,4031
2191,7026	87,1178
2192,6670	88,0559
2193,6311	88,8433
2194,5955	89,19
2195,5596	89,0196
2196,5239	88,4944
2197,4880	87,9071
2198,4524	87,5049
2199,4165	87,3583
2200,3809	87,3478
2201,3450	87,2738
2202,3093	87,0179
2203,2734	86,6385
2204,2378	86,3233
2205,2019	86,2414
2206,1663	86,419
2207,1304	86,7272
2208,0947	86,9701
2209,0588	87,0012
2210,0232	86,7893
2210,9873	86,4063
2211,9517	85,9648
2212,9158	85,5567
2213,8801	85,2248
2214,8442	84,9642
2215,8086	84,7389
2216,7727	84,5094
2217,7371	84,272
2218,7012	84,0941
2219,6655	84,1123
2220,6296	84,4723
2221,5940	85,2312
2222,5581	86,2807
2223,5225	87,3501
2224,4866	88,1062
2225,4509	88,3033
2226,4150	87,895
2227,3794	87,0525
2228,3435	86,0895
2229,3079	85,3399
2230,2720	85,0381
2231,2363	85,2426
2232,2004	85,8256
2233,1648	86,5297
2234,1289	87,0706
2235,0933	87,2488
2236,0574	87,0245
2237,0217	86,5248
2237,9858	85,9813
2238,9502	85,6359
2239,9143	85,6594
2240,8787	86,108
2241,8428	86,9146
2242,8071	87,9015
2243,7712	88,816
2244,7356	89,396
2245,6997	89,4639
2246,6641	89,0091
2247,6282	88,1953
2248,5925	87,2759
2249,5566	86,4759
2250,5210	85,9285
2251,4851	85,697
2252,4495	85,8326
2253,4136	86,3889
2254,3779	87,3639
2255,3420	88,6153
2256,3064	89,8403
2257,2705	90,6768
2258,2349	90,8865
2259,1990	90,4765
2260,1633	89,6492
2261,1274	88,6354
2262,0918	87,5721
2263,0559	86,5191
2264,0203	85,567
2264,9844	84,9084
2265,9487	84,7912
2266,9128	85,3768
2267,8772	86,6039
2268,8413	88,1478
2269,8057	89,5149
2270,7698	90,2345
2271,7341	90,0458
2272,6982	88,9829
2273,6626	87,3378
2274,6267	85,5481
2275,5911	84,064
2276,5552	83,2201
2277,5195	83,1357
2278,4836	83,674
2279,4480	84,4927
2280,4121	85,1965
2281,3765	85,5427
2282,3406	85,5698
2283,3049	85,5403
2284,2690	85,7403
2285,2334	86,2887
2286,1975	87,0713
2287,1619	87,8112
2288,1260	88,2188
2289,0903	88,1405
2290,0544	87,6235
2291,0188	86,8688
2291,9829	86,1203
2292,9473	85,5686
2293,9114	85,2998
2294,8757	85,2784
2295,8398	85,3534
2296,8042	85,3009
2297,7683	84,9302
2298,7327	84,2349
2299,6968	83,4806
2300,6611	83,0932
2301,6252	83,3824
2302,5896	84,3083
2303,5537	85,4395
2304,5181	86,1015
2305,4822	85,6746
2306,4465	83,9527
2307,4106	81,3342
2308,3750	78,6375
2309,3391	76,6614
2310,3035	75,8338
2311,2676	76,1212
2312,2319	77,1423
2313,1960	78,38
2314,1604	79,3936
2315,1245	79,9412
2316,0889	79,9874
2317,0530	79,6464
2318,0173	79,0983
2318,9814	78,4753
2319,9458	77,7455
2320,9099	76,6945
2321,8743	75,0849
2322,8384	72,9278
2323,8027	70,6496
2324,7668	68,9559
2325,7312	68,4445
2326,6953	69,2489
2327,6597	70,9363
2328,6238	72,7043
2329,5881	73,8441
2330,5522	74,2535
2331,5166	74,5222
2332,4807	75,3529
2333,4451	76,8088
2334,4092	78,0301
2335,3735	77,645
2336,3376	74,7023
2337,3020	69,4913
2338,2661	63,4724
2339,2305	58,3889
2340,1946	55,4534
2341,1589	55,1174
2342,1230	57,1999
2343,0874	61,0239
2344,0515	65,537
2345,0159	69,6473
2345,9800	72,7127
2346,9443	74,674
2347,9084	75,7252
2348,8728	75,9575
2349,8369	75,2262
2350,8013	73,2141
2351,7654	69,6722
2352,7297	64,8246
2353,6938	59,6931
2354,6582	55,8749
2355,6223	54,7456
2356,5867	56,7381
2357,5508	61,0807
2358,5151	65,8425
2359,4792	68,5625
2360,4436	67,8513
2361,4077	64,4878
2362,3721	60,3785
2363,3362	56,9845
2364,3005	54,9592
2365,2646	54,509
2366,2290	55,6723
2367,1931	58,3371
2368,1575	62,1221
2369,1216	66,3159
2370,0859	70,0436
2371,0500	72,6495
2372,0144	74,0099
2372,9785	74,5086
2373,9429	74,7405
2374,9070	75,2101
2375,8713	76,1733
2376,8354	77,6191
2377,7998	79,3445
2378,7639	81,0792
2379,7283	82,611
2380,6924	83,8576
2381,6567	84,8551
2382,6208	85,6858
2383,5852	86,4069
2384,5493	87,0336
2385,5137	87,5798
2386,4778	88,1053
2387,4421	88,7045
2388,4063	89,4188
2389,3706	90,1337
2390,3347	90,5603
2391,2991	90,3685
2392,2632	89,4169
2393,2275	87,8964
2394,1917	86,2374
2395,1560	84,8442
2396,1201	83,8802
2397,0845	83,2531
2398,0486	82,7803
2399,0129	82,3957
2399,9771	82,2412
2400,9414	82,5839
2401,9055	83,6223
2402,8699	85,2998
2403,8340	87,2361
2404,7983	88,8413
2405,7625	89,5905
2406,7268	89,2945
2407,6909	88,1754
2408,6553	86,7106
2409,6194	85,3861
2410,5837	84,5175
2411,5479	84,2048
2412,5122	84,3939
2413,4763	84,9721
2414,4407	85,8241
2415,4048	86,8165
2416,3691	87,7427
2417,3333	88,3094
2418,2976	88,2286
2419,2617	87,3814
2420,2261	85,9406
2421,1902	84,348
2422,1545	83,131
2423,1187	82,6525
2424,0830	82,9357
2425,0471	83,671
2426,0115	84,3974
2426,9756	84,7449
2427,9399	84,5897
2428,9041	84,05
2429,8684	83,3727
2430,8325	82,8163
2431,7969	82,596
2432,7610	82,8745
2433,7253	83,7455
2434,6895	85,1828
2435,6538	86,9774
2436,6179	88,7189
2437,5823	89,8767
2438,5464	89,995
2439,5107	88,9312
2440,4749	86,9818
2441,4392	84,7807
2442,4033	83,0248
2443,3677	82,2013
2444,3318	82,4318
2445,2961	83,4501
2446,2603	84,7106
2447,2246	85,6263
2448,1887	85,8617
2449,1531	85,492
2450,1172	84,8958
2451,0815	84,4688
2452,0457	84,3772
2453,0100	84,4937
2453,9741	84,5237
2454,9385	84,2315
2455,9026	83,623
2456,8669	82,95
2457,8311	82,5315
2458,7954	82,538
2459,7595	82,8953
2460,7239	83,3442
2461,6880	83,603
2462,6523	83,5542
2463,6165	83,3511
2464,5808	83,345
2465,5449	83,8482
2466,5093	84,8875
2467,4734	86,1138
2468,4377	86,9423
2469,4019	86,8955
2470,3662	85,9668
2471,3303	84,7029
2472,2947	83,8858
2473,2588	84,0526
2474,2231	85,1842
2475,1873	86,7021
2476,1516	87,7554
2477,1157	87,6793
2478,0801	86,3797
2479,0442	84,3704
2480,0085	82,4396
2480,9727	81,2153
2481,9370	80,9218
2482,9011	81,4002
2483,8655	82,2812
2484,8296	83,174
2485,7939	83,804
2486,7581	84,0859
2487,7224	84,1187
2488,6865	84,0927
2489,6509	84,1482
2490,6150	84,2624
2491,5793	84,2279
2492,5435	83,7505
2493,5078	82,6375
2494,4719	80,9787
2495,4363	79,1839
2496,4004	77,8269
2497,3647	77,3849
2498,3289	78,0194
2499,2932	79,4957
2500,2573	81,2651
2501,2217	82,6865
2502,1858	83,3038
2503,1501	83,0454
2504,1143	82,2271
2505,0786	81,371
2506,0427	80,9719
2507,0071	81,3212
2507,9712	82,4039
2508,9355	83,8762
2509,8997	85,1874
2510,8640	85,872
2511,8281	85,8381
2512,7925	85,4051
2513,7566	85,0617
2514,7209	85,1342
2515,6851	85,5628
2516,6494	85,9192
2517,6135	85,7028
2518,5779	84,7366
2519,5420	83,3289
2520,5063	82,0648
2521,4705	81,4338
2522,4348	81,567
2523,3989	82,1925
2524,3633	82,789
2525,3274	82,8764
2526,2917	82,3003
2527,2559	81,2954
2528,2202	80,2645
2529,1843	79,5046
2530,1487	79,124
2531,1128	79,1318
2532,0771	79,5358
2533,0413	80,3396
2534,0056	81,4585
2534,9697	82,6501
2535,9341	83,5505
2536,8982	83,8322
2537,8625	83,4193
2538,8267	82,6102
2539,7910	81,9625
2540,7551	81,9748
2541,7195	82,805
2542,6836	84,211
2543,6479	85,7006
2544,6121	86,7794
2545,5764	87,1946
2546,5405	87,058
2547,5049	86,763
2548,4690	86,7354
2549,4333	87,1767
2550,3975	87,9454
2551,3618	88,6214
2552,3259	88,7158
2553,2903	87,9304
2554,2544	86,3257
2555,2188	84,2928
2556,1829	82,3549
2557,1472	80,9348
2558,1113	80,218
2559,0757	80,1462
2560,0398	80,5164
2561,0042	81,1192
2561,9683	81,8364
2562,9326	82,6383
2563,8967	83,4971
2564,8611	84,2988
2565,8252	84,831
2566,7896	84,8634
2567,7537	84,2698
2568,7180	83,1054
2569,6821	81,5805
2570,6465	79,9651
2571,6106	78,507
2572,5750	77,3986
2573,5391	76,7651
2574,5034	76,6364
2575,4675	76,9056
2576,4319	77,3283
2577,3960	77,6189
2578,3604	77,6236
2579,3245	77,4333
2580,2888	77,3245
2581,2529	77,5763
2582,2173	78,3002
2583,1814	79,3638
2584,1458	80,425
2585,1099	81,0672
2586,0742	80,9977
2587,0383	80,2123
2588,0027	79,0224
2588,9668	77,9086
2589,9312	77,2803
2590,8953	77,2716
2591,8596	77,6837
2592,8237	78,1048
2593,7881	78,1541
2594,7522	77,7244
2595,7166	77,0663
2596,6807	76,6404
2597,6450	76,822
2598,6091	77,6657
2599,5735	78,89
2600,5376	80,0725
2601,5020	80,8947
2602,4661	81,2595
2603,4304	81,232
2604,3945	80,9073
2605,3589	80,3393
2606,3230	79,5796
2607,2874	78,7593
2608,2515	78,0997
2609,2158	77,8089
2610,1799	77,9419
2611,1443	78,3448
2612,1084	78,7282
2613,0728	78,8194
2614,0369	78,5042
2615,0012	77,8862
2615,9653	77,2485
2616,9297	76,9544
2617,8938	77,3335
2618,8582	78,5606
2619,8223	80,5328
2620,7866	82,806
2621,7507	84,6994
2622,7151	85,5752
2623,6792	85,1273
2624,6436	83,4921
2625,6077	81,1524
2626,5720	78,7278
2627,5361	76,7412
2628,5005	75,4503
2629,4646	74,8193
2630,4290	74,6295
2631,3931	74,6334
2632,3574	74,6735
2633,3215	74,7448
2634,2859	74,9982
2635,2500	75,6685
2636,2144	76,935
2637,1785	78,7866
2638,1428	80,9686
2639,1069	83,0381
2640,0713	84,5155
2641,0354	85,0858
2641,9998	84,7417
2642,9639	83,7599
2643,9282	82,5321
2644,8923	81,3863
2645,8567	80,4993
2646,8208	79,903
2647,7852	79,5355
2648,7493	79,2966
2649,7136	79,0869
2650,6777	78,8291
2651,6421	78,4724
2652,6062	77,9828
2653,5706	77,3231
2654,5347	76,4397
2655,4990	75,2817
2656,4631	73,8618
2657,4275	72,3288
2658,3916	70,9858
2659,3560	70,1996
2660,3201	70,2305
2661,2844	71,0978
2662,2485	72,5611
2663,2129	74,2059
2664,1770	75,5807
2665,1414	76,341
2666,1055	76,3489
2667,0698	75,687
2668,0339	74,6059
2668,9983	73,4654
2669,9624	72,682
2670,9268	72,6382
2671,8909	73,5382
2672,8552	75,2655
2673,8193	77,3486
2674,7837	79,118
2675,7478	80,0272
2676,7122	79,9441
2677,6763	79,1842
2678,6406	78,2505
2679,6047	77,5068
2680,5691	77,0407
2681,5332	76,7852
2682,4976	76,7365
2683,4617	77,0262
2684,4260	77,7525
2685,3901	78,7246
2686,3545	79,3884
2687,3186	79,0753
2688,2830	77,4518
2689,2471	74,8443
2690,2114	72,1618
2691,1755	70,4305
2692,1399	70,2486
2693,1040	71,5249
2694,0684	73,6343
2695,0325	75,8108
2695,9968	77,485
2696,9609	78,404
2697,9253	78,5575
2698,8894	78,0376
2699,8538	76,9569
2700,8179	75,4586
2701,7822	73,7554
2702,7463	72,1277
2703,7107	70,8533
2704,6748	70,0979
2705,6392	69,8414
2706,6033	69,9231
2707,5676	70,1857
2708,5317	70,5773
2709,4961	71,1114
2710,4602	71,7246
2711,4246	72,1839
2712,3887	72,1825
2713,3530	71,5869
2714,3171	70,5988
2715,2815	69,6665
2716,2456	69,2348
2717,2100	69,5055
2718,1741	70,3113
2719,1384	71,1678
2720,1025	71,5268
2721,0669	71,1047
2722,0310	70,0326
2722,9954	68,7256
2723,9595	67,6183
2724,9238	66,9656
2725,8879	66,793
2726,8523	66,9647
2727,8164	67,2809
2728,7808	67,5389
2729,7449	67,5699
2730,7092	67,2974
2731,6733	66,8099
2732,6377	66,3695
2733,6018	66,2828
2734,5662	66,6871
2735,5303	67,4063
2736,4946	68,0252
2737,4587	68,1721
2738,4231	67,8079
2739,3872	67,2724
2740,3516	67,0462
2741,3157	67,4251
2742,2800	68,3273
2743,2441	69,3444
2744,2085	69,9934
2745,1726	69,987
2746,1370	69,3232
2747,1011	68,1658
2748,0654	66,6793
2749,0295	64,9893
2749,9939	63,2718
2750,9580	61,829
2751,9224	61,0283
2752,8865	61,112
2753,8508	62,0177
2754,8149	63,3494
2755,7793	64,5247
2756,7434	65,0138
2757,7078	64,5646
2758,6719	63,3293
2759,6362	61,8113
2760,6003	60,6409
2761,5647	60,3205
2762,5288	61,0403
2763,4932	62,5546
2764,4573	64,152
2765,4216	64,9002
2766,3857	64,2391
2767,3501	62,523
2768,3142	60,9391
2769,2786	60,812
2770,2427	62,8158
2771,2070	66,4889
2772,1711	70,2752
2773,1355	72,3545
2774,0996	72,041
2775,0640	70,4522
2776,0281	69,5182
2776,9924	70,4095
2777,9565	72,8244
2778,9209	75,2444
2779,8850	75,756
2780,8494	73,2143
2781,8135	68,1276
2782,7778	62,3599
2783,7419	57,8794
2784,7063	55,7954
2785,6704	56,1714
2786,6348	58,1998
2787,5989	60,5036
2788,5632	61,7056
2789,5273	61,0751
2790,4917	58,7113
2791,4558	55,256
2792,4202	51,6009
2793,3843	48,7305
2794,3486	47,4679
2795,3127	48,045
2796,2771	49,8848
2797,2412	51,9601
2798,2056	53,44
2799,1697	54,0781
2800,1340	54,1793
2801,0981	54,2774
2802,0625	54,694
2803,0266	55,1914
2803,9910	55,0231
2804,9551	53,5153
2805,9194	50,735
2806,8835	47,5182
2807,8479	44,8553
2808,8120	43,274
2809,7764	42,6006
2810,7405	42,102
2811,7048	40,9717
2812,6689	38,9814
2813,6333	36,8014
2814,5974	35,6433
2815,5618	36,4701
2816,5259	39,2805
2817,4902	42,8967
2818,4543	45,5436
2819,4187	45,9164
2820,3828	43,8372
2821,3472	40,0959
2822,3113	35,9355
2823,2756	32,6395
2824,2397	31,2261
2825,2041	32,1321
2826,1682	34,9849
2827,1326	38,6948
2828,0967	41,9114
2829,0610	43,5913
2830,0251	43,3423
2830,9895	41,3818
2831,9536	38,2452
2832,9180	34,5374
2833,8821	30,8837
2834,8464	27,9727
2835,8105	26,4732
2836,7749	26,7965
2837,7390	28,9033
2838,7034	32,2371
2839,6675	35,6693
2840,6318	37,5496
2841,5959	36,3966
2842,5603	32,2341
2843,5244	26,8572
2844,4888	22,281
2845,4529	19,5187
2846,4172	18,7155
2847,3813	19,6334
2848,3457	21,7733
2849,3098	24,2269
2850,2742	25,8122
2851,2383	25,7939
2852,2026	24,4437
2853,1667	22,7531
2854,1311	21,7759
2855,0952	22,1214
2856,0596	23,6115
2857,0237	25,1825
2857,9880	25,3215
2858,9521	23,0246
2859,9165	18,6218
2860,8806	13,7431
2861,8450	10,4079
2862,8091	9,78152
2863,7734	11,2461
2864,7375	12,5374
2865,7019	11,2878
2866,6660	6,75765
2867,6304	0,0254709
2868,5945	-1,17549E-038
2869,5588	-1,17549E-038
2870,5229	-1,17549E-038
2871,4873	-1,17549E-038
2872,4514	-1,17549E-038
2873,4158	-1,17549E-038
2874,3799	-1,17549E-038
2875,3442	-1,17549E-038
2876,3083	6,4781
2877,2727	13,7649
2878,2368	20,2291
2879,2012	25,8636
2880,1653	30,6974
2881,1296	34,6666
2882,0938	37,5565
2883,0581	39,006
2884,0222	38,5908
2884,9866	36,0045
2885,9507	31,3334
2886,9150	25,3205
2887,8792	19,3569
2888,8435	15,0153
2889,8076	13,3459
2890,7720	14,4018
2891,7361	17,1825
2892,7004	19,9122
2893,6646	20,7447
2894,6289	18,9309
2895,5930	15,4523
2896,5574	12,0213
2897,5215	9,56731
2898,4858	7,85992
2899,4500	6,09113
2900,4143	3,64853
2901,3784	0,648114
2902,3428	-1,17549E-038
2903,3069	-1,17549E-038
2904,2712	-1,17549E-038
2905,2354	-1,17549E-038
2906,1997	4,41064
2907,1638	11,0602
2908,1282	16,2039
2909,0923	16,575
2910,0566	12,002
2911,0208	5,44865
2911,9851	0,351449
2912,9492	-1,17549E-038
2913,9136	3,50051
2914,8777	12,6564
2915,8420	23,8375
2916,8062	32,7987
2917,7705	36,4482
2918,7346	34,087
2919,6990	26,6455
2920,6631	15,7979
2921,6274	3,921
2922,5916	-1,17549E-038
2923,5559	-1,17549E-038
2924,5200	-1,17549E-038
2925,4844	-1,17549E-038
2926,4485	5,00815
2927,4128	10,8838
2928,3770	12,6215
2929,3413	11,0642
2930,3054	8,24894
2931,2698	5,40927
2932,2339	2,65735
2933,1982	-1,17549E-038
2934,1624	-1,17549E-038
2935,1267	-1,17549E-038
2936,0908	-1,17549E-038
2937,0552	0,815295
2938,0193	10,6704
2938,9836	21,4443
2939,9478	28,6646
2940,9121	30,2757
2941,8762	27,2645
2942,8406	22,0073
2943,8047	16,8717
2944,7690	13,4455
2945,7332	11,7672
2946,6975	10,253
2947,6616	7,29186
2948,6260	2,68367
2949,5901	-1,17549E-038
2950,5544	-1,17549E-038
2951,5186	-1,17549E-038
2952,4829	-1,17549E-038
2953,4470	-1,17549E-038
2954,4114	2,95561
2955,3755	6,08115
2956,3398	7,28275
2957,3040	7,63708
2958,2683	8,18754
2959,2324	9,55682
2960,1968	11,8873
2961,1609	14,7684
2962,1252	17,2157
2963,0894	18,1775
2964,0537	17,3905
2965,0178	15,2801
2965,9822	12,1041
2966,9463	7,69662
2967,9106	2,00289
2968,8748	-1,17549E-038
2969,8391	-1,17549E-038
2970,8032	-1,17549E-038
2971,7676	-1,17549E-038
2972,7317	-1,17549E-038
2973,6960	-1,17549E-038
2974,6602	-1,17549E-038
2975,6245	-1,17549E-038
2976,5886	-1,17549E-038
2977,5530	-1,17549E-038
2978,5171	-1,17549E-038
2979,4814	-1,17549E-038
2980,4456	-1,17549E-038
2981,4099	-1,17549E-038
2982,3740	-1,17549E-038
2983,3384	0,678521
2984,3025	2,93763
2985,2668	8,41124
2986,2310	18,0482
2987,1953	30,2916
2988,1594	41,1164
2989,1238	46,5758
2990,0879	44,9957
2991,0522	37,3113
2992,0164	26,7464
2992,9807	17,5002
2993,9448	12,0162
2994,9092	9,61443
2995,8733	8,13672
2996,8376	6,22756
2997,8018	4,33648
2998,7661	4,53451
2999,7302	9,50252
3000,6946	20,8055
3001,6587	37,015
3002,6230	53,323
3003,5872	64,0822
3004,5515	66,541
3005,5156	62,106
3006,4800	54,669
3007,4441	48,3427
3008,4084	45,7846
3009,3726	47,0321
3010,3369	49,5433
3011,3010	50,1204
3012,2654	47,2234
3013,2295	41,8197
3014,1938	36,6834
3015,1580	34,6287
3016,1223	36,6989
3017,0864	41,8878
3018,0508	48,1489
3019,0149	53,1207
3019,9792	54,2713
3020,9434	49,4101
3021,9077	38,1946
3022,8718	23,5716
3023,8362	11,0537
3024,8003	5,73057
3025,7646	9,43261
3026,7288	19,9929
3027,6931	32,7113
3028,6572	42,9703
3029,6216	48,4442
3030,5857	49,6587
3031,5500	48,9187
3032,5142	48,7256
3033,4785	50,6062
3034,4426	54,2527
3035,4070	56,588
3036,3711	52,7619
3037,3354	42,5176
3038,2996	32,4925
3039,2639	27,6281
3040,2280	28,0403
3041,1924	32,1329
3042,1565	38,3402
3043,1208	45,2862
3044,0850	51,8281
3045,0493	57,4434
3046,0134	62,3974
3046,9778	67,3588
3047,9419	73,0556
3048,9063	80,2703
3049,8704	89,7092
3050,8347	100,559
3051,7988	106,256
3052,7632	95,4915
3053,7273	71,9926
3054,6917	51,0115
3055,6558	37,3507
3056,6201	29,2344
3057,5842	24,8272
3058,5486	23,3339
3059,5127	24,6139
3060,4771	28,6731
3061,4412	35,2166
3062,4055	43,395
3063,3696	51,9325
3064,3340	59,7308
3065,2981	66,7551
3066,2625	74,6196
3067,2266	86,1904
3068,1909	103,762
3069,1550	125,869
3070,1194	145,195
3071,0835	152,683
3072,0479	145,383
3073,0120	127,496
3073,9763	105,35
3074,9404	84,1077
3075,9048	67,2326
3076,8689	56,5884
3077,8333	52,4335
3078,7974	53,4876
3079,7617	57,0839
3080,7258	59,5027
3081,6902	57,3882
3082,6543	50,5221
3083,6187	42,5922
3084,5828	37,8611
3085,5471	38,4114
3086,5112	44,5517
3087,4756	55,952
3088,4397	71,5235
3089,4041	87,6855
3090,3682	98,1833
3091,3325	100,843
3092,2966	100,2
3093,2610	99,302
3094,2251	96,7095
3095,1895	89,1333
3096,1536	74,581
3097,1179	54,9554
3098,0820	35,5509
3099,0464	20,9373
3100,0105	12,3278
3100,9749	8,91088
3101,9390	10,1707
3102,9033	16,7942
3103,8674	29,691
3104,8318	47,0957
3105,7959	61,9764
3106,7603	65,8164
3107,7244	57,0676
3108,6887	41,5271
3109,6528	25,877
3110,6172	14,431
3111,5813	9,4387
3112,5457	11,4616
3113,5098	18,7082
3114,4741	27,1834
3115,4382	33,574
3116,4026	37,7467
3117,3667	41,7218
3118,3311	47,5699
3119,2952	56,3775
3120,2595	67,6323
3121,2236	77,7804
3122,1880	78,5125
3123,1521	62,3871
3124,1165	37,9155
3125,0806	21,6846
3126,0449	17,9566
3127,0090	22,7051
3127,9734	31,6734
3128,9375	41,6865
3129,9019	49,8456
3130,8660	53,6187
3131,8303	52,4341
3132,7944	48,2454
3133,7588	43,2543
3134,7229	37,9891
3135,6873	31,8407
3136,6514	25,31
3137,6157	22,1039
3138,5798	25,3385
3139,5442	32,3506
3140,5083	38,9916
3141,4727	43,2095
3142,4368	44,1679
3143,4011	41,2979
3144,3652	34,386
3145,3296	24,3775
3146,2937	14,144
3147,2581	8,11346
3148,2222	10,4156
3149,1865	22,3865
3150,1506	41,0179
3151,1150	60,514
3152,0791	76,1622
3153,0435	85,8532
3154,0076	87,996
3154,9719	79,5473
3155,9360	59,4825
3156,9004	35,623
3157,8645	18,6207
3158,8289	11,7241
3159,7930	14,0553
3160,7573	26,866
3161,7214	59,057
3162,6858	148,276
3163,6499	557,772
3164,6143	7905,37
3165,5784	374,369
3166,5427	29,0694
3167,5068	-1,17549E-038
3168,4712	-1,17549E-038
3169,4353	-1,17549E-038
3170,3997	-1,17549E-038
3171,3638	22,2257
3172,3281	46,4506
3173,2922	57,8037
3174,2566	57,6141
3175,2207	52,4704
3176,1851	46,3308
3177,1492	40,0011
3178,1135	33,4513
3179,0776	28,64
3180,0420	29,2847
3181,0061	36,6623
3181,9705	48,671
3182,9346	61,2656
3183,8989	69,4862
3184,8630	70,3773
3185,8274	65,3234
3186,7915	57,7999
3187,7559	50,181
3188,7200	42,9248
3189,6843	34,2816
3190,6484	12,8506
3191,6128	-1,17549E-038
3192,5769	-1,17549E-038
3193,5413	-1,17549E-038
3194,5054	4,92306
3195,4697	3,33497
3196,4338	-1,17549E-038
3197,3982	-1,17549E-038
3198,3623	-1,17549E-038
3199,3267	0,0976936
3200,2908	18,5383
3201,2551	50,324
3202,2192	73,6143
3203,1836	58,9411
3204,1477	25,4151
3205,1121	-1,17549E-038
3206,0762	-1,17549E-038
3207,0405	-1,17549E-038
3208,0046	-1,17549E-038
3208,9690	-1,17549E-038
3209,9331	12,0657
3210,8975	53,5476
3211,8616	188,407
3212,8259	1981,59
3213,7900	2378,47
3214,7544	196,071
3215,7185	79,9912
3216,6829	57,1175
3217,6470	54,7614
3218,6113	60,939
3219,5754	73,6436
3220,5398	90,0164
3221,5039	79,7707
3222,4683	34,1641
3223,4324	16,1884
3224,3967	14,1239
3225,3608	15,3586
3226,3252	16,5968
3227,2893	16,6427
3228,2537	14,1466
3229,2178	6,81841
3230,1821	-1,17549E-038
3231,1462	-1,17549E-038
3232,1106	-1,17549E-038
3233,0747	-1,17549E-038
3234,0391	-1,17549E-038
3235,0032	-1,17549E-038
3235,9675	-1,17549E-038
3236,9316	-1,17549E-038
3237,8960	-1,17549E-038
3238,8601	-1,17549E-038
3239,8245	1,7922
3240,7886	4,56362
3241,7529	-1,17549E-038
3242,7170	-1,17549E-038
3243,6814	-1,17549E-038
3244,6455	-1,17549E-038
3245,6099	-1,17549E-038
3246,5740	-1,17549E-038
3247,5383	-1,17549E-038
3248,5024	15,2704
3249,4668	23,123
3250,4309	19,7902
3251,3953	15,2293
3252,3594	15,9436
3253,3237	25,5057
3254,2878	50,8578
3255,2522	107,461
3256,2163	205,195
3257,1807	258,967
3258,1448	197,644
3259,1091	124,608
3260,0732	79,2468
3261,0376	55,7114
3262,0017	50,0252
3262,9661	69,293
3263,9302	156,62
3264,8945	904,02
3265,8586	-1,17549E-038
3266,8230	-1,17549E-038
3267,7871	-1,17549E-038
3268,7515	-1,17549E-038
3269,7156	-1,17549E-038
3270,6799	-1,17549E-038
3271,6440	4,92449
3272,6084	48,2316
3273,5725	104,861
3274,5369	221,904
3275,5010	1865,15
3276,4653	-1,17549E-038
3277,4294	-1,17549E-038
3278,3938	-1,17549E-038
3279,3579	-1,17549E-038
3280,3223	-1,17549E-038
3281,2864	-1,17549E-038
3282,2507	-1,17549E-038
3283,2148	-1,17549E-038
3284,1792	-1,17549E-038
3285,1433	-1,17549E-038
3286,1077	-1,17549E-038
3287,0718	5,95129
3288,0361	41,894
3289,0002	88,5875
3289,9646	145,494
3290,9287	234,511
3291,8931	470,215
3292,8572	2468,86
3293,8215	-1,17549E-038
3294,7856	4103,06
3295,7500	368,362
3296,7141	133,521
3297,6785	91,4773
3298,6426	116,044
3299,6069	162,663
3300,5710	192,711
3301,5354	187,682
3302,4995	151,696
3303,4639	102,379
3304,4280	62,2726
3305,3923	46,4592
3306,3564	56,3039
3307,3208	88,749
3308,2849	154,531
3309,2493	350,137
3310,2134	-1,17549E-038
3311,1777	-1,17549E-038
3312,1418	-1,17549E-038
3313,1062	84,419
3314,0703	14,4052
3315,0347	2,56524
3315,9988	2,13058
3316,9631	10,604
3317,9272	41,9222
3318,8916	239,592
3319,8557	-1,17549E-038
3320,8201	-1,17549E-038
3321,7842	-1,17549E-038
3322,7485	-1,17549E-038
3323,7126	348,383
3324,6770	184,352
3325,6411	135,579
3326,6055	107,984
3327,5696	85,5183
3328,5339	65,8009
3329,4980	51,0363
3330,4624	49,1167
3331,4265	77,6159
3332,3909	92,6903
3333,3550	64,4692
3334,3193	41,4827
3335,2834	26,5096
3336,2478	15,6044
3337,2119	6,64204
3338,1763	-1,17549E-038
3339,1404	-1,17549E-038
3340,1047	-1,17549E-038
3341,0688	13,3426
3342,0332	25,5867
3342,9973	30,1256
3343,9617	28,2618
3344,9258	21,4975
3345,8901	0,566329
3346,8542	188,613
3347,8186	-1,17549E-038
3348,7827	-1,17549E-038
3349,7471	-1,17549E-038
3350,7112	-1,17549E-038
3351,6755	-1,17549E-038
3352,6396	-1,17549E-038
3353,6040	0,0856375
3354,5681	6,93025
3355,5325	1,34775
3356,4966	-1,17549E-038
3357,4609	-1,17549E-038
3358,4250	-1,17549E-038
3359,3894	-1,17549E-038
3360,3535	-1,17549E-038
3361,3179	-1,17549E-038
3362,2820	-1,17549E-038
3363,2463	-1,17549E-038
3364,2104	47,421
3365,1748	59,8755
3366,1389	54,5658
3367,1033	48,9909
3368,0674	47,5105
3369,0317	48,4275
3369,9958	47,9461
3370,9602	41,2478
3371,9243	24,1764
3372,8887	0,9504
3373,8528	-1,17549E-038
3374,8171	-1,17549E-038
3375,7813	9,32293
3376,7456	28,0593
3377,7097	45,804
3378,6741	59,9102
3379,6382	66,7921
3380,6025	62,7229
3381,5667	47,1261
3382,5310	24,1554
3383,4951	-1,17549E-038
3384,4595	-1,17549E-038
3385,4236	-1,17549E-038
3386,3879	-1,17549E-038
3387,3521	14,7761
3388,3164	54,2325
3389,2805	111,823
3390,2449	233,367
3391,2090	574,572
3392,1733	1035,69
3393,1375	534,259
3394,1018	216,874
3395,0659	93,4438
3396,0303	29,0845
3396,9944	-1,17549E-038
3397,9587	-1,17549E-038
3398,9229	-1,17549E-038
3399,8872	-1,17549E-038
3400,8513	-1,17549E-038
3401,8157	-1,17549E-038
3402,7798	63,5212
3403,7441	105,012
3404,7083	107,853
3405,6726	102,017
3406,6367	98,4536
3407,6011	98,1098
3408,5652	99,6484
3409,5295	101,967
3410,4937	104,35
3411,4580	105,722
3412,4221	103,456
3413,3865	92,8301
3414,3506	69,8171
3415,3149	36,8951
3416,2791	2,8409
3417,2434	-1,17549E-038
3418,2075	-1,17549E-038
3419,1719	-1,17549E-038
3420,1360	-1,17549E-038
3421,1003	-1,17549E-038
3422,0645	-1,17549E-038
3423,0288	-1,17549E-038
3423,9929	-1,17549E-038
3424,9573	-1,17549E-038
3425,9214	6,42852
3426,8857	10,7361
3427,8499	12,2006
3428,8142	12,9475
3429,7783	12,9493
3430,7427	10,84
3431,7068	7,66683
3432,6711	5,80956
3433,6353	6,51447
3434,5996	11,0701
3435,5637	21,6687
3436,5281	39,2824
3437,4922	53,7611
3438,4565	50,3658
3439,4207	39,8139
3440,3850	34,2244
3441,3491	34,8252
3442,3135	39,6669
3443,2776	45,2594
3444,2419	45,238
3445,2061	33,1086
3446,1704	12,3855
3447,1345	-1,17549E-038
3448,0989	-1,17549E-038
3449,0630	-1,17549E-038
3450,0273	16,6333
3450,9915	48,1311
3451,9558	69,508
3452,9199	60,395
3453,8843	41,5719
3454,8484	29,4984
3455,8127	25,238
3456,7769	27,4552
3457,7412	36,6217
3458,7053	56,1782
3459,6697	91,4128
3460,6338	130,412
3461,5981	130,877
3462,5623	110,5
3463,5266	105,993
3464,4907	127,393
3465,4551	196,031
3466,4192	440,384
3467,3835	14151,4
3468,3477	-1,17549E-038
3469,3120	4138,31
3470,2761	158,113
3471,2405	27,1863
3472,2046	-1,17549E-038
3473,1689	-1,17549E-038
3474,1331	-1,17549E-038
3475,0974	-1,17549E-038
3476,0615	-1,17549E-038
3477,0259	-1,17549E-038
3477,9900	131,346
3478,9543	-1,17549E-038
3479,9185	-1,17549E-038
3480,8828	-1,17549E-038
3481,8469	164,349
3482,8113	59,9526
3483,7754	22,412
3484,7397	2,45627
3485,7039	-1,17549E-038
3486,6682	-1,17549E-038
3487,6323	4,94628
3488,5967	22,4863
3489,5608	38,0831
3490,5251	45,6399
3491,4893	46,1412
3492,4536	44,9329
3493,4177	47,265
3494,3821	55,4702
3495,3462	66,7748
3496,3105	72,5811
3497,2747	63,3582
3498,2390	39,8431
3499,2031	16,7271
3500,1675	7,90887
3501,1316	15,1524
3502,0959	33,7137
3503,0601	59,753
3504,0244	91,2042
3504,9885	123,329
3505,9529	143,586
3506,9170	140,475
3507,8813	119,319
3508,8455	92,5101
3509,8098	66,9787
3510,7739	47,0929
3511,7383	39,1658
3512,7024	49,472
3513,6667	77,7335
3514,6309	114,307
3515,5952	142,649
3516,5593	146,306
3517,5237	124,919
3518,4878	97,6676
3519,4521	80,6974
3520,4163	76,8873
3521,3806	82,9241
3522,3447	94,0552
3523,3091	103,151
3524,2732	100,107
3525,2375	82,4372
3526,2017	63,5287
3527,1660	55,0389
3528,1301	58,8408
3529,0945	75,122
3530,0586	106,143
3531,0229	148,72
3531,9871	176,307
3532,9514	165,751
3533,9155	138,712
3534,8799	117,636
3535,8440	109,539
3536,8083	119,008
3537,7725	150,792
3538,7368	195,36
3539,7009	218,911
3540,6653	201,909
3541,6294	159,727
3542,5938	113,275
3543,5579	74,9624
3544,5222	51,5442
3545,4863	49,1135
3546,4507	79,3809
3547,4148	169,163
3548,3792	343,56
3549,3433	434,103
3550,3076	278,939
3551,2717	137,1
3552,2361	70,9643
3553,2002	46,8084
3554,1646	40,6697
3555,1287	40,6733
3556,0930	42,5229
3557,0571	46,0282
3558,0215	52,9936
3558,9856	65,9421
3559,9500	84,5901
3560,9141	97,896
3561,8784	92,0303
3562,8425	74,2063
3563,8069	57,3186
3564,7710	45,1466
3565,7354	37,2067
3566,6995	32,7402
3567,6638	31,6382
3568,6279	34,2467
3569,5923	40,9466
3570,5564	51,9812
3571,5208	67,34
3572,4849	86,0574
3573,4492	104,551
3574,4133	115,713
3575,3777	113,83
3576,3418	102,463
3577,3062	90,9319
3578,2703	85,1813
3579,2346	86,2803
3580,1987	92,5338
3581,1631	100,389
3582,1272	105,087
3583,0916	102,942
3584,0557	93,8082
3585,0200	80,6683
3585,9841	67,2065
3586,9485	56,0058
3587,9126	48,0142
3588,8770	43,0234
3589,8411	40,7179
3590,8054	41,7898
3591,7695	48,8902
3592,7339	65,1673
3593,6980	84,7976
3594,6624	93,4146
3595,6265	90,3918
3596,5908	82,9438
3597,5549	74,4976
3598,5193	65,6784
3599,4834	56,8564
3600,4478	49,54
3601,4119	45,6941
3602,3762	45,5942
3603,3403	48,0073
3604,3047	51,9849
3605,2688	57,3859
3606,2332	64,3532
3607,1973	72,5643
3608,1616	80,7596
3609,1257	87,1301
3610,0901	90,4431
3611,0542	90,8894
3612,0186	90,2534
3612,9827	91,5976
3613,9470	97,7596
3614,9111	108,51
3615,8755	119,39
3616,8396	124,1
3617,8040	117,967
3618,7681	100,622
3619,7324	76,6132
3620,6965	52,5935
3621,6609	33,5349
3622,6250	21,6686
3623,5894	17,9799
3624,5535	24,4123
3625,5178	45,9203
3626,4819	88,8304
3627,4463	139,037
3628,4104	147,964
3629,3748	118,889
3630,3389	90,297
3631,3032	73,5257
3632,2673	66,934
3633,2317	67,4328
3634,1958	72,1871
3635,1602	78,6899
3636,1243	85,1122
3637,0886	90,6152
3638,0527	95,2019
3639,0171	99,1762
3639,9812	102,477
3640,9456	104,315
3641,9097	103,799
3642,8740	101,004
3643,8381	96,7661
3644,8025	91,648
3645,7666	85,5488
3646,7310	77,9356
3647,6951	68,3867
3648,6594	57,5493
3649,6235	47,9557
3650,5879	42,6031
3651,5520	41,8984
3652,5164	43,9189
3653,4805	47,2282
3654,4448	51,975
3655,4089	58,8876
3656,3733	67,3111
3657,3374	74,7501
3658,3018	79,3148
3659,2659	81,1575
3660,2302	81,3047
3661,1943	80,4201
3662,1587	78,4368
3663,1230	74,7839
3664,0872	69,1074
3665,0515	62,0535
3666,0156	55,2654
3666,9800	50,5802
3667,9441	49,1666
3668,9084	50,6754
3669,8726	52,5107
3670,8369	51,0837
3671,8010	45,4002
3672,7654	38,1758
3673,7295	33,3228
3674,6938	33,9221
3675,6580	41,2747
3676,6223	53,6659
3677,5864	66,3113
3678,5508	74,7438
3679,5149	78,1358
3680,4792	78,4078
3681,4434	77,7755
3682,4077	77,6936
3683,3718	78,8619
3684,3362	81,299
3685,3003	84,111
3686,2646	85,1801
3687,2288	81,5285
3688,1931	71,0391
3689,1572	54,7184
3690,1216	37,1039
3691,0857	23,7575
3692,0500	17,9722
3693,0142	19,5261
3693,9785	25,9121
3694,9426	34,2973
3695,9070	42,6601
3696,8711	49,9283
3697,8354	55,6889
3698,7996	59,9694
3699,7639	63,2358
3700,7280	66,3449
3701,6924	70,1645
3702,6565	75,1191
3703,6208	81,0382
3704,5850	87,0734
3705,5493	91,3574
3706,5134	90,8905
3707,4778	83,4232
3708,4419	71,5271
3709,4063	62,7388
3710,3704	63,4808
3711,3347	75,3356
3712,2988	95,6355
3713,2632	118,185
3714,2273	134,276
3715,1917	136,353
3716,1558	122,918
3717,1201	99,5696
3718,0842	74,9061
3719,0486	55,7859
3720,0127	45,3112
3720,9771	43,2666
3721,9412	47,5796
3722,9055	55,7481
3723,8696	65,5308
3724,8340	74,8318
3725,7981	81,7738
3726,7625	85,3885
3727,7266	85,8495
3728,6909	83,9815
3729,6550	80,7298
3730,6194	76,9099
3731,5835	73,2581
3732,5479	70,8086
3733,5120	71,5397
3734,4763	79,2133
3735,4404	100,148
3736,4048	139,682
3737,3689	180,716
3738,3333	180,875
3739,2974	148,342
3740,2617	117,45
3741,2258	98,5515
3742,1902	90,7135
3743,1543	91,4911
3744,1187	97,4599
3745,0828	103,097
3746,0471	102,837
3747,0112	95,1673
3747,9756	81,9653
3748,9397	64,8622
3749,9041	45,5299
3750,8682	30,926
3751,8325	31,5886
3752,7966	44,8088
3753,7610	58,9535
3754,7251	68,6008
3755,6895	73,6046
3756,6536	75,431
3757,6179	76,1122
3758,5820	78,102
3759,5464	83,8488
3760,5105	94,5405
3761,4749	108,266
3762,4390	119,456
3763,4033	121,93
3764,3674	113,943
3765,3318	99,7333
3766,2959	85,9803
3767,2603	77,5686
3768,2244	76,0064
3769,1887	79,6163
3770,1528	84,2035
3771,1172	85,1282
3772,0813	80,616
3773,0457	72,5391
3774,0098	63,9891
3774,9741	57,3657
3775,9382	54,3228
3776,9026	56,4354
3777,8667	65,4807
3778,8311	81,8889
3779,7952	100,145
3780,7595	109,11
3781,7236	105,796
3782,6880	97,4925
3783,6521	90,0184
3784,6165	84,8182
3785,5806	81,3953
3786,5449	79,0055
3787,5090	77,3513
3788,4734	76,72
3789,4375	77,5859
3790,4019	80,044
3791,3660	83,8208
3792,3303	88,6681
3793,2944	94,3234
3794,2588	99,769
3795,2229	102,27
3796,1873	97,9509
3797,1514	85,1828
3798,1157	66,8117
3799,0798	47,8045
3800,0442	32,3591
3801,0083	22,9796
3801,9727	20,191
3802,9368	22,6341
3803,9011	28,0235
3804,8652	34,4363
3805,8296	41,0909
3806,7937	48,3529
3807,7581	57,0431
3808,7222	67,5525
3809,6865	79,568
3810,6506	92,2667
3811,6150	104,048
3812,5791	111,656
3813,5435	110,688
3814,5076	100,649
3815,4719	88,45
3816,4360	81,2858
3817,4004	81,067
3818,3645	86,9754
3819,3289	98,3188
3820,2930	114,67
3821,2573	132,584
3822,2214	139,272
3823,1858	122,625
3824,1499	96,2595
3825,1143	77,1848
3826,0784	67,6688
3827,0427	65,2139
3828,0068	68,1343
3828,9712	76,064
3829,9353	89,6027
3830,8997	109,967
3831,8638	138,484
3832,8281	175,188
3833,7922	213,585
3834,7566	229,276
3835,7207	193,82
3836,6851	131,723
3837,6492	86,2244
3838,6135	65,017
3839,5776	60,3372
3840,5420	65,3336
3841,5061	75,4768
3842,4705	87,0427
3843,4346	96,5933
3844,3989	102,214
3845,3630	104,2
3846,3274	103,225
3847,2915	98,8936
3848,2559	90,2948
3849,2200	77,2758
3850,1843	61,8436
3851,1484	49,3594
3852,1128	46,7421
3853,0769	54,7856
3854,0413	64,8338
3855,0054	69,3746
3855,9697	68,9568
3856,9338	68,3178
3857,8982	71,8778
3858,8623	81,8692
3859,8267	97,6788
3860,7908	115,557
3861,7551	128,925
3862,7192	130,918
3863,6836	120,644
3864,6477	105,96
3865,6121	94,2907
3866,5762	86,0375
3867,5405	78,9422
3868,5046	72,2468
3869,4690	67,0806
3870,4331	65,6833
3871,3975	70,5623
3872,3616	82,5816
3873,3259	97,1155
3874,2900	104,819
3875,2544	102,59
3876,2185	96,0146
3877,1829	90,6846
3878,1470	88,8393
3879,1113	90,2268
3880,0754	92,4361
3881,0398	90,9464
3882,0039	81,7323
3882,9683	66,1628
3883,9324	50,8441
3884,8967	41,6458
3885,8608	40,4343
3886,8252	45,8631
3887,7893	54,8141
3888,7537	63,5781
3889,7178	69,3309
3890,6821	71,7932
3891,6462	73,6685
3892,6106	78,514
3893,5747	87,3035
3894,5391	97,2492
3895,5032	104,272
3896,4675	106,265
3897,4316	104,142
3898,3960	100,904
3899,3601	100,513
3900,3245	107,118
3901,2886	122,157
3902,2529	136,671
3903,2170	137,034
3904,1814	127,571
3905,1455	119,937
3906,1099	118,997
3907,0740	125,483
3908,0383	138,392
3909,0024	153,584
3909,9668	162,032
3910,9309	155,5
3911,8953	136,611
3912,8594	114,987
3913,8237	97,1342
3914,7878	85,1564
3915,7522	79,4333
3916,7163	79,8631
3917,6807	85,4045
3918,6448	93,5485
3919,6091	101,209
3920,5732	105,671
3921,5376	104,031
3922,5017	94,3256
3923,4661	80,0126
3924,4302	67,8046
3925,3945	60,4713
3926,3586	57,1909
3927,3230	56,6582
3928,2871	58,2319
3929,2515	62,1744
3930,2156	70,1496
3931,1799	86,634
3932,1440	121,09
3933,1084	182,041
3934,0725	238,452
3935,0369	236,558
3936,0010	202,359
3936,9653	171,526
3937,9294	150,938
3938,8938	138,347
3939,8579	130,166
3940,8223	122,097
3941,7864	110,152
3942,7507	94,8476
3943,7148	82,4197
3944,6792	78,5651
3945,6433	85,4571
3946,6077	104,468
3947,5718	138,096
3948,5361	187,195
3949,5002	236,483
3950,4646	239,242
3951,4287	181,628
3952,3931	122,222
3953,3572	91,6224
3954,3215	83,6294
3955,2856	86,8897
3956,2500	92,837
3957,2141	95,5769
3958,1785	92,0105
3959,1426	82,6948
3960,1069	71,5192
3961,0710	63,1076
3962,0354	59,9946
3962,9995	61,9382
3963,9639	66,9789
3964,9280	72,8199
3965,8923	77,9976
3966,8564	82,7902
3967,8208	89,1833
3968,7849	98,5964
3969,7493	108,465
3970,7134	112,941
3971,6777	108,306
3972,6418	95,8604
3973,6062	80,2611
3974,5703	66,9378
3975,5347	59,9508
3976,4988	60,4203
3977,4631	66,6967
3978,4272	76,3421
3979,3916	87,8522
3980,3557	100,55
3981,3201	112,552
3982,2842	118,771
3983,2485	115,311
3984,2126	106,415
3985,1770	98,9356
3986,1411	95,6136
3987,1055	95,6912
3988,0696	96,4392
3989,0339	94,21
3989,9980	86,7031
3990,9624	75,2108
3991,9265	63,7296
3992,8909	56,1279
3993,8550	54,7107
3994,8193	60,406
3995,7834	73,2789
3996,7478	92,6174
3997,7119	115,991
3998,6763	137,171
3999,6404	146,387
4000,6047	138,022
